2
3
3000
47
20000
8
17
2
0,0, 20,0, 20,70, 35,70, 35,100, -15,100, -15,70, 0,70
5,5, 10,5, 15,5, 5,9, 10,9, 15,9, 5,13, 10,13, 15,13, 5,75, 5,95, 15,75, 15,95, 30,75, 30,95, -10,95, -10,75
1.4,1.4,1.4,1.4,1.4,1.4,1.4,1.4,1.4,1.4,1.4,1.4,1.4,1.4,1.4,1.4,1.4
-3000,-76000,15000,-1680,14000,0



i                               (1-el, 2-pl, 3-el & pl) analiza
fc,ec                           fy, E
fs,es
nc,ns,ned                          stevilo vozlisc, stevilo obteznih primerov
x1,y1,x2,y2,...                 koordinate vozlisc prereza
xs1,ys1,...
ds1,ds2,...
n1,mx1,my1,n2,mx2,my2,...       obtezni primeri



T prerez
8,17,2
0,0, 20,0, 20,70, 35,70, 35,100, -15,100, -15,70, 0,70
5,5 10,5, 15,5, 5,9, 10,9, 15,9, 5,13, 10,13, 15,13, 5,75, 5,95, 15,75, 15,95, 30,75, 30,95, -10,95, -10,75
1.4,1.4,1.4,1.4,1.4,1.4,1.4,1.4,1.4,1.4,1.4,1.4,1.4,1.4,1.4,1.4,1.4
-3000,-76000,15000,-1680,143000,0
Mojca markovič
